50
40 10 67 35
40 10 67 35
40 10 67 35
40 10 67 35
40 10 67 35
5 8 67 35
5 8 67 35
5 8 67 35
5 8 67 35
5 8 67 35
5 8 67 35
5 8 67 35
5 8 67 35
5 8 67 35
5 8 67 35
67 35 5 8
67 35 5 8
67 35 5 8
67 35 5 8
67 35 5 8
67 35 5 8
5 8 67 35
5 8 67 35
5 8 67 35
5 8 67 35
5 8 67 35
67 35 5 8
5 8 67 35
5 8 67 35
5 8 67 35
5 8 67 35
5 8 67 35
67 35 5 8
67 35 5 8
67 35 5 8
67 35 5 8
67 35 5 8
67 35 5 8
5 8 67 35
5 8 67 35
5 8 67 35
5 8 67 35
5 8 67 35
5 8 67 35
5 8 67 35
5 8 67 35
5 8 67 35
67 35 5 8
67 35 5 8
67 35 5 8
67 35 5 8
67 35 5 8
67 35 5 8
